1111111119111111 111 198 fulgidus
91 1111111111 69 111111111191111
62 1111111111 79 1971111111111
99 bipustulntut 69 196 11111ιί91111.
69 blandus v 71 66 11111911
94119991 “ 71 491111ῐί111
50 1111191111 69 119 11111111
11 1111111111 97 16111111
1141111911911 111 99 4111111
1019111111 4ο 1994111111111
41 carbonarius 67 1481111111
191 111119911111 116 9611111111·
9711111 61 1 impressae
99 cephalota 71 81 1111111111
141111119911111 111 11911111111111
147 (11119111 114 4 1111111111
146111711119111111 -- 8111191111
84111111111 , 89 ,1911111111
19711111111111 ⁶ 117 6411911111
149 cingulum· 111 94 11111111
1171111119911111 119. 19111111111
19. coenosus 91 11611111119111111
14 1111111111 ·- 1491111111111
1141711111 110 96 1114111111
78 17111911111 86 19 1111911111

77 (11191111 89 199 1111111111

18 denigrato! 91 111111119119111111 107
89 dilatatus 89 791111111111 86
14 (1119911111 98 69 micans 7⁶
6911111111 ’ 74 91 1111911911111 7⁰

4111111111 67 9 11911111
1141114111 103 6 111191ὴὶ1111
98 elongata· 98 11119111
9711111111 ·- 1411111111
133 11711199111111 116 99 11111

149 1111111111 111 199 nebulosus
71 1111111111 89 44 nigrim

69 1119911111 74 99 1191111111
1194 fodiens 116 71 111111

61 11111111 71 91 nitidula·

199 fossatos 117 ¹ 9 nitidus
99 1111111111

99 9111119111

 

