INDEX

0444444444 ET SPEGIERVM
' HVIVS MONOGRAPHIAB. ’

limbum (1171. p. 144.

44 Aethiops p.153 4610441944 9,.470
38 alternam 463 74444401410014 476
44 4444114 444 40 1444444444Ιί4 469
33 4444414444 464 4140940114 440
44 atra ι·- 441044441444414 444
4861404001444 470 641440410014 474
64 6190044444 1 474 471444 470
44 Boleti 446 44144414 469
44 *ureuipenniu 469 48 1144414444 467
47 0441110444 444 4114444414 448-
40404110441444 448 44 longiuscula 444
60 4440144044 - 474 4714401644 467

46 cincta

30 014444440οω44
44 41440114414
44 collaris
12 4044104114
76 (1091444444
74 depressa

3 dimidiata
44 (11414404
67 dubia

48 0104444414

46 0474144094044 Ι

66 excusa
34 11441944

9 1444414044414
47 fulgida
64 14440444

49 funesta

44 Fungi

466 44 lugens

464 44 marginalia·

444 68 4441444444
464 44 moesta
444 69 motion
477 74 nana
176 unigra

149 36 4414τί001114
448 34 4414τί44414

474 63 nitida

444 40 obfuscata

448 8 obseura

474 47 0614440114

464 444094044
444 40 picea
464 74 polita
474 44 prolixa
468 44 pulchra

469
464
174
470
¹75
476
444
4647
464.
474

“ ,464

444.
159
464
444
476
464
464
474ῃ

 

